4.0A:
  Chain A: 17 residues
  Chain B: 17 residues
  Chain A residues: [847, 848, 756, 758, 681, 684, 763, 760, 683, 798, 845, 678, 766, 802, 801, 754, 682]
  Chain B residues: [847, 848, 756, 681, 758, 763, 684, 760, 683, 798, 845, 678, 766, 802, 754, 801, 682]

6.0A:
  Chain A: 14 residues
  Chain B: 14 residues
  Chain A residues: [800, 755, 757, 799, 674, 795, 751, 794, 805, 679, 752, 844, 686, 677]
  Chain B residues: [800, 755, 757, 799, 674, 795, 751, 794, 805, 679, 752, 844, 686, 677]

8.0A:
  Chain A: 25 residues
  Chain B: 25 residues
  Chain A residues: [854, 851, 841, 849, 671, 797, 761, 767, 796, 680, 769, 846, 804, 685, 850, 765, 675, 759, 714, 753, 855, 803, 792, 793, 840]
  Chain B residues: [854, 851, 841, 849, 671, 797, 761, 767, 796, 680, 769, 846, 804, 685, 850, 765, 675, 759, 714, 753, 855, 803, 792, 793, 840]

